1 10
100 200
201 210
900 1000
1 1
10 1
1 2
2 1
8488 8558
4826 4869
9286 9385
7257 7213
634 576
555 488
923 868
6152 6227
2308 2261
2367 2355
514 605
1673 1681
3963 3999
7319 7248
1923 1999
8160 8122
2390 2402
9508 9563
8083 8165
3309 3306
6721 6811
4483 4385
2451 2505
8552 8542
2323 2225
1486 1533
313 321
5585 5675
3300 3262
7468 7430
8152 8147
2620 2549
8370 8438
5635 5607
4085 4151
1788 1730
6360 6302
3297 3199
1065 966
3320 3372
9161 9201
8845 8749
7823 7811
9722 9642
8434 8391
9843 9914
8048 8024
2724 2671
9784 9757
9620 9672
1269 1353
9696 9654
3341 3268
9240 9150
4844 4846
2529 2481
4240 4301
2458 2418
5505 5441
6547 6527
9822 9828
3755 3836
9938 10022
6370 6426
4941 4861
2264 2330
3133 3127
7307 7370
1621 1573
600 592
8118 8206
5120 5143
3719 3738
6594 6603
3199 3213
649 702
4144 4145
5765 5847
7365 7465
4157 4199
3439 3481
9170 9204
3428 3408
5012 5040
1368 1398
5831 5849
1108 1106
4635 4596
2615 2674
6204 6215
4418 4418
8889 8789
3885 3971
1828 1830
6391 6339
7219 7141
2880 2904
7169 7161
8137 8156
7172 7098